image_width: 640
image_height: 480
camera_name: cam_front
camera_matrix:
  rows: 3
  cols: 3
  data: [659.564606, 0.000000, 327.080620, 0.000000, 661.531653, 226.823710, 0.000000, 0.000000, 1.000000]
distortion_model: plumb_bob
distortion_coefficients:
  rows: 1
  cols: 5
  data: [0.094947, -0.421821, -0.002663, -0.000792, 0.000000]
rectification_matrix:
  rows: 3
  cols: 3
  data: [1.000000, 0.000000, 0.000000, 0.000000, 1.000000, 0.000000, 0.000000, 0.000000, 1.000000]
projection_matrix:
  rows: 3
  cols: 4
  data: [657.709900, 0.000000, 326.554269, 0.000000, 0.000000, 663.352112, 225.591674, 0.000000, 0.000000, 0.000000, 1.000000, 0.000000]
